52.0,271.0,52.0,270.0
52.0,270.0,52.0,266.0
52.0,266.0,52.0,258.0
52.0,258.0,55.0,246.0
55.0,246.0,60.0,232.0
60.0,232.0,64.0,216.0
64.0,216.0,66.0,198.0
66.0,198.0,68.0,183.0
68.0,183.0,71.0,169.0
71.0,169.0,72.0,156.0
72.0,156.0,72.0,143.0
72.0,143.0,72.0,131.0
72.0,131.0,72.0,122.0
72.0,122.0,72.0,115.0
72.0,115.0,72.0,109.0
72.0,109.0,72.0,105.0
72.0,105.0,72.0,102.0
72.0,102.0,71.0,99.0
71.0,99.0,71.0,97.0
71.0,97.0,71.0,95.0
71.0,95.0,71.0,92.0
71.0,92.0,72.0,87.0
72.0,87.0,77.0,82.0
77.0,82.0,83.0,77.0
83.0,77.0,91.0,72.0
91.0,72.0,99.0,67.0
99.0,67.0,106.0,61.0
106.0,61.0,113.0,56.0
113.0,56.0,119.0,51.0
119.0,51.0,123.0,48.0
123.0,48.0,127.0,46.0
127.0,46.0,130.0,43.0
130.0,43.0,134.0,41.0
134.0,41.0,136.0,40.0
136.0,40.0,137.0,39.0
137.0,39.0,138.0,39.0
138.0,39.0,140.0,39.0
140.0,39.0,143.0,39.0
143.0,39.0,150.0,40.0
150.0,40.0,161.0,44.0
161.0,44.0,172.0,49.0
172.0,49.0,184.0,53.0
184.0,53.0,196.0,59.0
196.0,59.0,209.0,65.0
209.0,65.0,223.0,69.0
223.0,69.0,237.0,75.0
237.0,75.0,250.0,82.0
250.0,82.0,260.0,89.0
260.0,89.0,269.0,96.0
269.0,96.0,276.0,102.0
276.0,102.0,283.0,108.0
283.0,108.0,289.0,114.0
289.0,114.0,295.0,121.0
295.0,121.0,301.0,127.0
301.0,127.0,306.0,134.0
306.0,134.0,312.0,142.0
312.0,142.0,317.0,149.0
317.0,149.0,321.0,157.0
321.0,157.0,325.0,166.0
325.0,166.0,330.0,174.0
330.0,174.0,334.0,183.0
334.0,183.0,337.0,193.0
337.0,193.0,340.0,202.0
340.0,202.0,344.0,212.0
344.0,212.0,346.0,223.0
346.0,223.0,348.0,235.0
348.0,235.0,351.0,250.0
351.0,250.0,355.0,266.0
355.0,266.0,359.0,282.0
359.0,282.0,363.0,298.0
363.0,298.0,365.0,312.0
365.0,312.0,366.0,324.0
366.0,324.0,367.0,334.0
367.0,334.0,368.0,345.0
368.0,345.0,370.0,355.0
370.0,355.0,372.0,366.0
372.0,366.0,375.0,376.0
375.0,376.0,378.0,385.0
378.0,385.0,382.0,392.0
382.0,392.0,386.0,398.0
386.0,398.0,390.0,403.0
390.0,403.0,394.0,407.0
394.0,407.0,400.0,410.0
400.0,410.0,405.0,411.0
405.0,411.0,411.0,413.0
411.0,413.0,416.0,414.0
416.0,414.0,422.0,414.0
422.0,414.0,428.0,414.0
428.0,414.0,434.0,414.0
434.0,414.0,441.0,414.0
441.0,414.0,449.0,414.0
449.0,414.0,459.0,414.0
459.0,414.0,473.0,412.0
473.0,412.0,486.0,410.0
486.0,410.0,501.0,407.0
501.0,407.0,519.0,405.0
519.0,405.0,537.0,402.0
537.0,402.0,552.0,400.0
552.0,400.0,566.0,398.0
566.0,398.0,579.0,397.0
579.0,397.0,592.0,394.0
592.0,394.0,605.0,391.0
605.0,391.0,615.0,389.0
615.0,389.0,628.0,386.0
628.0,386.0,640.0,381.0
640.0,381.0,652.0,377.0
652.0,377.0,666.0,372.0
666.0,372.0,680.0,369.0
680.0,369.0,693.0,365.0
693.0,365.0,707.0,362.0
707.0,362.0,719.0,360.0
719.0,360.0,730.0,358.0
730.0,358.0,740.0,355.0
740.0,355.0,750.0,354.0
750.0,354.0,759.0,353.0
759.0,353.0,769.0,351.0
769.0,351.0,778.0,349.0
778.0,349.0,789.0,347.0
789.0,347.0,800.0,345.0
800.0,345.0,811.0,342.0
811.0,342.0,820.0,340.0
820.0,340.0,827.0,339.0
827.0,339.0,833.0,338.0
833.0,338.0,839.0,337.0
839.0,337.0,843.0,335.0
843.0,335.0,845.0,333.0
845.0,333.0,848.0,332.0
848.0,332.0,849.0,330.0
849.0,330.0,850.0,328.0
850.0,328.0,851.0,325.0
851.0,325.0,851.0,322.0
851.0,322.0,851.0,319.0
851.0,319.0,851.0,316.0
851.0,316.0,851.0,312.0
851.0,312.0,850.0,306.0
850.0,306.0,846.0,299.0
846.0,299.0,840.0,292.0
840.0,292.0,834.0,284.0
834.0,284.0,826.0,276.0
826.0,276.0,818.0,267.0
818.0,267.0,807.0,257.0
807.0,257.0,794.0,245.0
794.0,245.0,777.0,235.0
777.0,235.0,759.0,223.0
759.0,223.0,740.0,211.0
740.0,211.0,719.0,199.0
719.0,199.0,693.0,186.0
693.0,186.0,669.0,175.0
669.0,175.0,649.0,165.0
649.0,165.0,630.0,155.0
630.0,155.0,612.0,145.0
612.0,145.0,594.0,136.0
594.0,136.0,580.0,127.0
580.0,127.0,566.0,117.0
566.0,117.0,550.0,107.0
550.0,107.0,537.0,99.0
537.0,99.0,525.0,91.0
525.0,91.0,514.0,83.0
514.0,83.0,503.0,75.0
503.0,75.0,492.0,70.0
492.0,70.0,482.0,65.0
482.0,65.0,474.0,62.0
474.0,62.0,467.0,60.0
467.0,60.0,460.0,58.0
460.0,58.0,450.0,56.0
450.0,56.0,439.0,55.0
439.0,55.0,427.0,55.0
427.0,55.0,414.0,55.0
414.0,55.0,401.0,55.0
401.0,55.0,386.0,55.0
386.0,55.0,372.0,55.0
372.0,55.0,357.0,55.0
357.0,55.0,341.0,55.0
341.0,55.0,324.0,55.0
324.0,55.0,305.0,55.0
305.0,55.0,280.0,55.0
280.0,55.0,256.0,55.0
256.0,55.0,234.0,55.0
234.0,55.0,215.0,55.0
215.0,55.0,198.0,55.0
198.0,55.0,182.0,55.0
182.0,55.0,167.0,55.0
167.0,55.0,154.0,55.0
154.0,55.0,142.0,55.0
142.0,55.0,131.0,55.0
131.0,55.0,122.0,55.0
122.0,55.0,114.0,56.0
114.0,56.0,107.0,57.0
107.0,57.0,103.0,58.0
103.0,58.0,100.0,58.0
