230.0,68.0,232.0,68.0
232.0,68.0,235.0,68.0
235.0,68.0,239.0,68.0
239.0,68.0,241.0,68.0
241.0,68.0,234.0,68.0
234.0,68.0,212.0,68.0
212.0,68.0,165.0,70.0
165.0,70.0,101.0,70.0
101.0,70.0,38.0,72.0
38.0,72.0,-22.0,74.0
-22.0,74.0,-80.0,80.0
-80.0,80.0,-129.0,86.0
-129.0,86.0,-166.0,89.0
-166.0,89.0,-189.0,92.0
-189.0,92.0,-202.0,95.0
-202.0,95.0,-209.0,97.0
-209.0,97.0,-209.0,98.0
-209.0,98.0,-209.0,99.0
-209.0,99.0,-208.0,99.0
-208.0,99.0,-205.0,99.0
-205.0,99.0,-202.0,99.0
-202.0,99.0,-199.0,99.0
-199.0,99.0,-198.0,99.0
-198.0,99.0,-195.0,99.0
-195.0,99.0,-183.0,97.0
-183.0,97.0,-157.0,93.0
-157.0,93.0,-107.0,85.0
-107.0,85.0,-38.0,74.0
-38.0,74.0,39.0,66.0
39.0,66.0,126.0,57.0
126.0,57.0,216.0,51.0
216.0,51.0,305.0,46.0
305.0,46.0,398.0,37.0
398.0,37.0,488.0,29.0
488.0,29.0,573.0,20.0
573.0,20.0,643.0,16.0
643.0,16.0,695.0,14.0
695.0,14.0,726.0,11.0
726.0,11.0,740.0,9.0
740.0,9.0,745.0,9.0
745.0,9.0,746.0,9.0
746.0,9.0,742.0,9.0
742.0,9.0,726.0,10.0
726.0,10.0,687.0,13.0
687.0,13.0,629.0,19.0
629.0,19.0,558.0,28.0
558.0,28.0,476.0,36.0
476.0,36.0,391.0,47.0
391.0,47.0,306.0,58.0
306.0,58.0,229.0,64.0
229.0,64.0,163.0,70.0
163.0,70.0,108.0,78.0
108.0,78.0,76.0,83.0
76.0,83.0,64.0,86.0
64.0,86.0,60.0,86.0
60.0,86.0,59.0,86.0
59.0,86.0,62.0,86.0
62.0,86.0,77.0,86.0
77.0,86.0,107.0,86.0
107.0,86.0,161.0,86.0
161.0,86.0,229.0,86.0
229.0,86.0,302.0,86.0
302.0,86.0,380.0,86.0
380.0,86.0,461.0,86.0
461.0,86.0,550.0,86.0
550.0,86.0,642.0,86.0
642.0,86.0,728.0,86.0
728.0,86.0,801.0,86.0
801.0,86.0,852.0,86.0
852.0,86.0,880.0,86.0
880.0,86.0,889.0,86.0
889.0,86.0,892.0,86.0
892.0,86.0,888.0,86.0
888.0,86.0,873.0,86.0
873.0,86.0,841.0,86.0
841.0,86.0,782.0,86.0
782.0,86.0,704.0,86.0
704.0,86.0,614.0,86.0
614.0,86.0,517.0,86.0
517.0,86.0,418.0,86.0
418.0,86.0,329.0,86.0
329.0,86.0,248.0,86.0
248.0,86.0,182.0,89.0
182.0,89.0,144.0,90.0
144.0,90.0,123.0,93.0
123.0,93.0,117.0,94.0
117.0,94.0,115.0,94.0
115.0,94.0,119.0,94.0
119.0,94.0,135.0,94.0
135.0,94.0,179.0,93.0
179.0,93.0,247.0,91.0
247.0,91.0,334.0,89.0
334.0,89.0,434.0,82.0
434.0,82.0,537.0,76.0
537.0,76.0,638.0,71.0
638.0,71.0,724.0,69.0
724.0,69.0,789.0,69.0
789.0,69.0,827.0,69.0
827.0,69.0,840.0,69.0
840.0,69.0,843.0,69.0
843.0,69.0,842.0,69.0
842.0,69.0,833.0,69.0
833.0,69.0,806.0,69.0
806.0,69.0,752.0,71.0
752.0,71.0,682.0,71.0
682.0,71.0,601.0,71.0
601.0,71.0,514.0,71.0
514.0,71.0,431.0,71.0
431.0,71.0,344.0,73.0
344.0,73.0,260.0,73.0
260.0,73.0,193.0,73.0
193.0,73.0,144.0,75.0
144.0,75.0,124.0,77.0
124.0,77.0,117.0,78.0
117.0,78.0,115.0,78.0
115.0,78.0,122.0,78.0
122.0,78.0,142.0,78.0
142.0,78.0,192.0,77.0
192.0,77.0,263.0,70.0
263.0,70.0,342.0,64.0
342.0,64.0,426.0,58.0
426.0,58.0,519.0,51.0
519.0,51.0,611.0,44.0
611.0,44.0,704.0,35.0
704.0,35.0,791.0,29.0
791.0,29.0,854.0,25.0
854.0,25.0,892.0,23.0
892.0,23.0,907.0,23.0
907.0,23.0,911.0,23.0
911.0,23.0,910.0,23.0
910.0,23.0,897.0,23.0
897.0,23.0,861.0,24.0
861.0,24.0,788.0,26.0
788.0,26.0,690.0,28.0
690.0,28.0,574.0,33.0
574.0,33.0,447.0,35.0
447.0,35.0,323.0,37.0
323.0,37.0,210.0,39.0
210.0,39.0,120.0,42.0
120.0,42.0,60.0,46.0
60.0,46.0,30.0,47.0
30.0,47.0,20.0,48.0
20.0,48.0,18.0,48.0
18.0,48.0,19.0,48.0
19.0,48.0,29.0,48.0
29.0,48.0,57.0,47.0
57.0,47.0,117.0,47.0
117.0,47.0,192.0,45.0
192.0,45.0,279.0,45.0
279.0,45.0,370.0,45.0
370.0,45.0,462.0,45.0
462.0,45.0,557.0,45.0
557.0,45.0,651.0,45.0
651.0,45.0,740.0,45.0
740.0,45.0,818.0,45.0
818.0,45.0,872.0,45.0
872.0,45.0,900.0,45.0
900.0,45.0,910.0,45.0
910.0,45.0,912.0,45.0
912.0,45.0,909.0,45.0
909.0,45.0,895.0,45.0
895.0,45.0,865.0,45.0
865.0,45.0,803.0,47.0
803.0,47.0,724.0,49.0
724.0,49.0,632.0,52.0
632.0,52.0,538.0,52.0
538.0,52.0,443.0,52.0
443.0,52.0,346.0,52.0
346.0,52.0,254.0,52.0
254.0,52.0,171.0,52.0
171.0,52.0,103.0,52.0
103.0,52.0,60.0,52.0
60.0,52.0,43.0,52.0
43.0,52.0,37.0,52.0
37.0,52.0,41.0,52.0
41.0,52.0,58.0,51.0
58.0,51.0,101.0,50.0
101.0,50.0,163.0,50.0
163.0,50.0,236.0,50.0
236.0,50.0,317.0,50.0
317.0,50.0,399.0,47.0
399.0,47.0,474.0,47.0
474.0,47.0,550.0,47.0
550.0,47.0,615.0,47.0
615.0,47.0,663.0,47.0
663.0,47.0,693.0,47.0
693.0,47.0,704.0,47.0
704.0,47.0,708.0,47.0
708.0,47.0,702.0,47.0
702.0,47.0,682.0,47.0
682.0,47.0,630.0,48.0
630.0,48.0,557.0,50.0
557.0,50.0,465.0,53.0
465.0,53.0,362.0,57.0
362.0,57.0,254.0,59.0
254.0,59.0,149.0,62.0
149.0,62.0,57.0,62.0
57.0,62.0,-10.0,62.0
-10.0,62.0,-46.0,62.0
-46.0,62.0,-60.0,62.0
-60.0,62.0,-64.0,62.0
-64.0,62.0,-63.0,62.0
-63.0,62.0,-53.0,62.0
-53.0,62.0,-25.0,62.0
-25.0,62.0,32.0,62.0
32.0,62.0,110.0,62.0
110.0,62.0,210.0,62.0
210.0,62.0,321.0,62.0
321.0,62.0,437.0,62.0
437.0,62.0,555.0,62.0
555.0,62.0,663.0,62.0
663.0,62.0,755.0,62.0
755.0,62.0,822.0,62.0
822.0,62.0,863.0,62.0
863.0,62.0,878.0,62.0
878.0,62.0,883.0,62.0
883.0,62.0,875.0,62.0
875.0,62.0,847.0,62.0
847.0,62.0,787.0,64.0
787.0,64.0,708.0,64.0
708.0,64.0,617.0,64.0
617.0,64.0,514.0,64.0
514.0,64.0,406.0,64.0
406.0,64.0,301.0,64.0
301.0,64.0,207.0,64.0
207.0,64.0,134.0,64.0
134.0,64.0,91.0,64.0
91.0,64.0,74.0,64.0
74.0,64.0,66.0,64.0
66.0,64.0,65.0,64.0
65.0,64.0,67.0,64.0
67.0,64.0,75.0,64.0
75.0,64.0,100.0,64.0
100.0,64.0,151.0,64.0
151.0,64.0,224.0,64.0
224.0,64.0,310.0,62.0
310.0,62.0,405.0,60.0
405.0,60.0,500.0,58.0
500.0,58.0,592.0,58.0
592.0,58.0,683.0,58.0
683.0,58.0,767.0,58.0
767.0,58.0,837.0,58.0
837.0,58.0,881.0,58.0
881.0,58.0,895.0,58.0
895.0,58.0,902.0,58.0
902.0,58.0,895.0,58.0
895.0,58.0,873.0,58.0
873.0,58.0,821.0,58.0
821.0,58.0,743.0,58.0
743.0,58.0,651.0,58.0
651.0,58.0,554.0,58.0
554.0,58.0,444.0,58.0
444.0,58.0,333.0,58.0
333.0,58.0,231.0,58.0
231.0,58.0,139.0,58.0
139.0,58.0,69.0,58.0
69.0,58.0,25.0,58.0
25.0,58.0,9.0,58.0
9.0,58.0,2.0,58.0
2.0,58.0,0.0,58.0
4.0,58.0,22.0,58.0
22.0,58.0,65.0,58.0
65.0,58.0,128.0,58.0
128.0,58.0,206.0,58.0
206.0,58.0,298.0,56.0
298.0,56.0,393.0,54.0
393.0,54.0,488.0,47.0
488.0,47.0,575.0,40.0
575.0,40.0,653.0,38.0
653.0,38.0,718.0,38.0
718.0,38.0,756.0,38.0
756.0,38.0,771.0,38.0
771.0,38.0,775.0,38.0
775.0,38.0,774.0,38.0
774.0,38.0,762.0,38.0
762.0,38.0,729.0,43.0
729.0,43.0,663.0,49.0
663.0,49.0,579.0,55.0
579.0,55.0,484.0,62.0
484.0,62.0,383.0,69.0
383.0,69.0,286.0,75.0
286.0,75.0,199.0,80.0
199.0,80.0,131.0,82.0
131.0,82.0,90.0,84.0
90.0,84.0,73.0,84.0
73.0,84.0,67.0,84.0
67.0,84.0,65.0,84.0
65.0,84.0,66.0,84.0
66.0,84.0,71.0,84.0
71.0,84.0,85.0,84.0
85.0,84.0,115.0,84.0
115.0,84.0,164.0,84.0
164.0,84.0,218.0,84.0
218.0,84.0,280.0,84.0
280.0,84.0,350.0,84.0
350.0,84.0,426.0,84.0
426.0,84.0,504.0,84.0
504.0,84.0,577.0,84.0
577.0,84.0,639.0,84.0
639.0,84.0,683.0,84.0
683.0,84.0,699.0,84.0
699.0,84.0,705.0,84.0
705.0,84.0,706.0,84.0
706.0,84.0,699.0,84.0
699.0,84.0,672.0,85.0
672.0,85.0,614.0,91.0
614.0,91.0,541.0,97.0
541.0,97.0,456.0,102.0
456.0,102.0,369.0,106.0
369.0,106.0,286.0,108.0
286.0,108.0,212.0,110.0
212.0,110.0,153.0,110.0
153.0,110.0,109.0,110.0
109.0,110.0,88.0,110.0
88.0,110.0,78.0,110.0
78.0,110.0,75.0,110.0
75.0,110.0,77.0,110.0
77.0,110.0,88.0,110.0
88.0,110.0,112.0,110.0
112.0,110.0,156.0,108.0
156.0,108.0,213.0,106.0
213.0,106.0,276.0,102.0
276.0,102.0,347.0,98.0
347.0,98.0,423.0,94.0
423.0,94.0,499.0,89.0
499.0,89.0,576.0,83.0
576.0,83.0,647.0,77.0
647.0,77.0,702.0,73.0
702.0,73.0,738.0,69.0
738.0,69.0,756.0,67.0
756.0,67.0,764.0,66.0
764.0,66.0,767.0,66.0
767.0,66.0,763.0,66.0
763.0,66.0,745.0,66.0
745.0,66.0,702.0,66.0
702.0,66.0,637.0,66.0
637.0,66.0,556.0,66.0
556.0,66.0,462.0,66.0
462.0,66.0,354.0,66.0
354.0,66.0,243.0,66.0
243.0,66.0,133.0,66.0
133.0,66.0,38.0,66.0
38.0,66.0,-35.0,66.0
-35.0,66.0,-86.0,66.0
-86.0,66.0,-108.0,66.0
-108.0,66.0,-117.0,66.0
-117.0,66.0,-119.0,66.0
-119.0,66.0,-115.0,66.0
-115.0,66.0,-97.0,66.0
-97.0,66.0,-73.0,66.0
-73.0,66.0,-56.0,66.0
-56.0,66.0,-47.0,66.0
-47.0,66.0,-45.0,66.0
-45.0,66.0,-44.0,66.0
-44.0,66.0,-32.0,66.0
-32.0,66.0,4.0,66.0
4.0,66.0,80.0,66.0
80.0,66.0,175.0,66.0
175.0,66.0,261.0,66.0
261.0,66.0,339.0,66.0
339.0,66.0,404.0,66.0
404.0,66.0,450.0,66.0
450.0,66.0,475.0,66.0
475.0,66.0,485.0,66.0
485.0,66.0,487.0,66.0
487.0,66.0,479.0,66.0
479.0,66.0,455.0,66.0
455.0,66.0,406.0,66.0
406.0,66.0,338.0,66.0
338.0,66.0,255.0,66.0
255.0,66.0,160.0,66.0
160.0,66.0,61.0,66.0
61.0,66.0,-42.0,66.0
-42.0,66.0,-136.0,66.0
-136.0,66.0,-209.0,66.0
-209.0,66.0,-208.0,66.0
-208.0,66.0,-200.0,66.0
-200.0,66.0,-173.0,66.0
-173.0,66.0,-125.0,66.0
-125.0,66.0,-62.0,66.0
-62.0,66.0,16.0,66.0
16.0,66.0,105.0,66.0
105.0,66.0,205.0,66.0
205.0,66.0,315.0,66.0
315.0,66.0,426.0,66.0
426.0,66.0,531.0,66.0
531.0,66.0,623.0,66.0
623.0,66.0,696.0,66.0
696.0,66.0,747.0,66.0
747.0,66.0,774.0,66.0
774.0,66.0,785.0,66.0
785.0,66.0,788.0,66.0
788.0,66.0,784.0,66.0
784.0,66.0,765.0,66.0
765.0,66.0,721.0,68.0
721.0,68.0,657.0,68.0
657.0,68.0,570.0,68.0
570.0,68.0,476.0,68.0
476.0,68.0,379.0,68.0
379.0,68.0,289.0,70.0
289.0,70.0,218.0,76.0
218.0,76.0,171.0,82.0
171.0,82.0,151.0,85.0
151.0,85.0,144.0,86.0
144.0,86.0,142.0,86.0
142.0,86.0,146.0,86.0
146.0,86.0,162.0,85.0
162.0,85.0,206.0,82.0
206.0,82.0,275.0,76.0
275.0,76.0,359.0,71.0
359.0,71.0,454.0,69.0
454.0,69.0,551.0,65.0
551.0,65.0,646.0,62.0
646.0,62.0,730.0,62.0
730.0,62.0,800.0,62.0
800.0,62.0,851.0,62.0
851.0,62.0,881.0,62.0
881.0,62.0,894.0,62.0
894.0,62.0,899.0,62.0
899.0,62.0,893.0,62.0
893.0,62.0,875.0,62.0
875.0,62.0,833.0,63.0
833.0,63.0,774.0,65.0
774.0,65.0,703.0,67.0
703.0,67.0,621.0,74.0
621.0,74.0,540.0,78.0
540.0,78.0,461.0,82.0
461.0,82.0,384.0,89.0
384.0,89.0,319.0,93.0
319.0,93.0,267.0,97.0
267.0,97.0,231.0,98.0
231.0,98.0,216.0,98.0
216.0,98.0,211.0,98.0
211.0,98.0,209.0,98.0
209.0,98.0,213.0,98.0
213.0,98.0,233.0,98.0
233.0,98.0,280.0,97.0
280.0,97.0,347.0,97.0
347.0,97.0,428.0,97.0
428.0,97.0,509.0,97.0
509.0,97.0,590.0,97.0
590.0,97.0,666.0,97.0
666.0,97.0,730.0,97.0
730.0,97.0,785.0,97.0
785.0,97.0,828.0,97.0
828.0,97.0,855.0,97.0
855.0,97.0,867.0,97.0
867.0,97.0,871.0,97.0
871.0,97.0,867.0,97.0
867.0,97.0,852.0,97.0
852.0,97.0,822.0,98.0
822.0,98.0,768.0,98.0
768.0,98.0,698.0,98.0
698.0,98.0,611.0,98.0
611.0,98.0,514.0,98.0
514.0,98.0,414.0,98.0
414.0,98.0,317.0,98.0
317.0,98.0,226.0,98.0
226.0,98.0,145.0,98.0
145.0,98.0,74.0,98.0
74.0,98.0,20.0,98.0
20.0,98.0,-12.0,98.0
-12.0,98.0,-26.0,98.0
-26.0,98.0,-31.0,98.0
-31.0,98.0,-32.0,98.0
-32.0,98.0,-30.0,98.0
-30.0,98.0,-25.0,99.0
-25.0,99.0,-21.0,100.0
-21.0,100.0,-19.0,100.0
-19.0,100.0,-11.0,100.0
-11.0,100.0,13.0,100.0
13.0,100.0,65.0,99.0
65.0,99.0,141.0,97.0
141.0,97.0,206.0,97.0
206.0,97.0,257.0,97.0
257.0,97.0,290.0,97.0
290.0,97.0,303.0,97.0
303.0,97.0,310.0,97.0
310.0,97.0,308.0,97.0
308.0,97.0,297.0,97.0
297.0,97.0,267.0,98.0
267.0,98.0,210.0,98.0
210.0,98.0,129.0,98.0
129.0,98.0,32.0,98.0
32.0,98.0,-73.0,98.0
-73.0,98.0,-181.0,98.0
-181.0,98.0,-209.0,98.0
-209.0,98.0,-207.0,98.0
-207.0,98.0,-196.0,98.0
-196.0,98.0,-168.0,98.0
-168.0,98.0,-141.0,98.0
-141.0,98.0,-124.0,98.0
-124.0,98.0,-116.0,98.0
-116.0,98.0,-104.0,98.0
-104.0,98.0,-52.0,98.0
-52.0,98.0,32.0,98.0
32.0,98.0,137.0,98.0
137.0,98.0,226.0,98.0
226.0,98.0,296.0,98.0
296.0,98.0,337.0,98.0
337.0,98.0,353.0,98.0
353.0,98.0,360.0,98.0
360.0,98.0,354.0,99.0
354.0,99.0,331.0,101.0
331.0,101.0,282.0,103.0
282.0,103.0,209.0,103.0
209.0,103.0,120.0,103.0
120.0,103.0,23.0,103.0
23.0,103.0,-80.0,103.0
-80.0,103.0,-179.0,103.0
-179.0,103.0,-209.0,103.0
-209.0,103.0,-209.0,105.0
-209.0,105.0,-209.0,107.0
-209.0,107.0,-203.0,107.0
-203.0,107.0,-183.0,107.0
-183.0,107.0,-137.0,107.0
-137.0,107.0,-72.0,107.0
-72.0,107.0,6.0,107.0
6.0,107.0,93.0,107.0
93.0,107.0,185.0,107.0
185.0,107.0,279.0,107.0
279.0,107.0,376.0,107.0
376.0,107.0,473.0,107.0
473.0,107.0,568.0,107.0
568.0,107.0,651.0,107.0
651.0,107.0,719.0,107.0
719.0,107.0,770.0,107.0
770.0,107.0,800.0,107.0
800.0,107.0,811.0,107.0
811.0,107.0,815.0,107.0
815.0,107.0,810.0,107.0
810.0,107.0,796.0,107.0
796.0,107.0,764.0,108.0
764.0,108.0,707.0,108.0
707.0,108.0,631.0,108.0
631.0,108.0,547.0,108.0
547.0,108.0,467.0,108.0
467.0,108.0,399.0,108.0
399.0,108.0,348.0,108.0
348.0,108.0,315.0,108.0
315.0,108.0,302.0,108.0
302.0,108.0,295.0,108.0
295.0,108.0,294.0,108.0
294.0,108.0,300.0,108.0
300.0,108.0,315.0,108.0
315.0,108.0,341.0,108.0
341.0,108.0,382.0,108.0
382.0,108.0,428.0,108.0
428.0,108.0,480.0,106.0
480.0,106.0,531.0,106.0
531.0,106.0,577.0,106.0
577.0,106.0,618.0,106.0
618.0,106.0,650.0,106.0
650.0,106.0,667.0,106.0
667.0,106.0,675.0,106.0
675.0,106.0,677.0,106.0
677.0,106.0,673.0,106.0
673.0,106.0,659.0,106.0
659.0,106.0,628.0,106.0
628.0,106.0,574.0,107.0
574.0,107.0,503.0,109.0
503.0,109.0,422.0,109.0
422.0,109.0,333.0,113.0
333.0,113.0,243.0,118.0
243.0,118.0,162.0,122.0
162.0,122.0,91.0,124.0
91.0,124.0,40.0,124.0
40.0,124.0,10.0,124.0
10.0,124.0,-1.0,124.0
-1.0,124.0,-4.0,124.0
-4.0,124.0,-3.0,124.0
-3.0,124.0,5.0,124.0
5.0,124.0,27.0,124.0
27.0,124.0,73.0,124.0
73.0,124.0,138.0,124.0
138.0,124.0,216.0,124.0
216.0,124.0,300.0,124.0
300.0,124.0,386.0,124.0
386.0,124.0,467.0,124.0
467.0,124.0,540.0,124.0
540.0,124.0,605.0,124.0
605.0,124.0,657.0,124.0
657.0,124.0,692.0,124.0
692.0,124.0,708.0,124.0
708.0,124.0,716.0,124.0
716.0,124.0,719.0,124.0
719.0,124.0,720.0,124.0
720.0,124.0,719.0,124.0
719.0,124.0,711.0,124.0
711.0,124.0,692.0,125.0
692.0,125.0,656.0,127.0
656.0,127.0,602.0,127.0
602.0,127.0,535.0,127.0
535.0,127.0,459.0,127.0
459.0,127.0,373.0,127.0
373.0,127.0,281.0,127.0
281.0,127.0,187.0,127.0
187.0,127.0,98.0,127.0
98.0,127.0,22.0,127.0
22.0,127.0,-32.0,127.0
-32.0,127.0,-59.0,127.0
-59.0,127.0,-69.0,127.0
-69.0,127.0,-71.0,127.0
-71.0,127.0,-68.0,128.0
-68.0,128.0,-51.0,131.0
-51.0,131.0,-10.0,131.0
-10.0,131.0,47.0,131.0
47.0,131.0,122.0,131.0
122.0,131.0,214.0,131.0
214.0,131.0,317.0,131.0
317.0,131.0,424.0,131.0
424.0,131.0,532.0,131.0
532.0,131.0,635.0,131.0
635.0,131.0,729.0,131.0
729.0,131.0,810.0,131.0
810.0,131.0,870.0,131.0
870.0,131.0,913.0,131.0
913.0,131.0,938.0,131.0
938.0,131.0,948.0,131.0
948.0,131.0,952.0,131.0
952.0,131.0,950.0,131.0
950.0,131.0,941.0,131.0
941.0,131.0,915.0,132.0
915.0,132.0,860.0,132.0
860.0,132.0,785.0,132.0
785.0,132.0,693.0,132.0
693.0,132.0,588.0,132.0
588.0,132.0,469.0,132.0
469.0,132.0,351.0,132.0
351.0,132.0,238.0,132.0
238.0,132.0,132.0,132.0
132.0,132.0,51.0,132.0
51.0,132.0,0.0,132.0
-22.0,132.0,-29.0,132.0
-29.0,132.0,-25.0,130.0
-25.0,130.0,-11.0,128.0
-11.0,128.0,15.0,127.0
15.0,127.0,62.0,125.0
62.0,125.0,126.0,125.0
126.0,125.0,207.0,125.0
207.0,125.0,299.0,125.0
299.0,125.0,394.0,125.0
394.0,125.0,488.0,125.0
488.0,125.0,577.0,125.0
577.0,125.0,655.0,125.0
655.0,125.0,720.0,125.0
720.0,125.0,764.0,125.0
764.0,125.0,785.0,125.0
785.0,125.0,795.0,125.0
795.0,125.0,797.0,125.0
797.0,125.0,793.0,125.0
793.0,125.0,776.0,126.0
776.0,126.0,736.0,126.0
736.0,126.0,671.0,126.0
671.0,126.0,584.0,126.0
584.0,126.0,482.0,126.0
482.0,126.0,371.0,126.0
371.0,126.0,258.0,126.0
258.0,126.0,148.0,126.0
148.0,126.0,45.0,126.0
45.0,126.0,-39.0,126.0
-39.0,126.0,-95.0,126.0
-95.0,126.0,-125.0,126.0
-125.0,126.0,-136.0,126.0
-136.0,126.0,-138.0,126.0
-138.0,126.0,-135.0,126.0
-135.0,126.0,-122.0,125.0
-122.0,125.0,-93.0,122.0
-93.0,122.0,-41.0,122.0
-41.0,122.0,29.0,122.0
29.0,122.0,118.0,120.0
118.0,120.0,218.0,120.0
218.0,120.0,320.0,120.0
320.0,120.0,423.0,120.0
423.0,120.0,520.0,120.0
520.0,120.0,609.0,120.0
609.0,120.0,685.0,120.0
685.0,120.0,744.0,120.0
744.0,120.0,785.0,120.0
785.0,120.0,801.0,120.0
801.0,120.0,808.0,120.0
808.0,120.0,805.0,120.0
805.0,120.0,794.0,120.0
794.0,120.0,768.0,120.0
768.0,120.0,714.0,120.0
714.0,120.0,638.0,120.0
638.0,120.0,544.0,120.0
544.0,120.0,441.0,120.0
441.0,120.0,339.0,120.0
339.0,120.0,242.0,120.0
242.0,120.0,158.0,120.0
158.0,120.0,90.0,120.0
90.0,120.0,42.0,120.0
42.0,120.0,14.0,120.0
14.0,120.0,4.0,120.0
4.0,120.0,1.0,120.0
1.0,120.0,0.0,120.0
8.0,120.0,26.0,120.0
26.0,120.0,64.0,120.0
64.0,120.0,118.0,120.0
118.0,120.0,188.0,120.0
188.0,120.0,269.0,120.0
269.0,120.0,353.0,120.0
353.0,120.0,434.0,120.0
434.0,120.0,509.0,120.0
509.0,120.0,580.0,120.0
580.0,120.0,634.0,120.0
634.0,120.0,672.0,120.0
672.0,120.0,694.0,120.0
694.0,120.0,703.0,120.0
703.0,120.0,705.0,120.0
705.0,120.0,703.0,120.0
703.0,120.0,693.0,120.0
693.0,120.0,664.0,120.0
664.0,120.0,610.0,120.0
610.0,120.0,535.0,120.0
535.0,120.0,438.0,120.0
438.0,120.0,327.0,120.0
327.0,120.0,209.0,120.0
209.0,120.0,95.0,120.0
95.0,120.0,-7.0,120.0
-7.0,120.0,-91.0,120.0
-91.0,120.0,-150.0,120.0
-150.0,120.0,-183.0,120.0
-183.0,120.0,-195.0,120.0
-195.0,120.0,-199.0,120.0
-199.0,120.0,-193.0,118.0
-193.0,118.0,-177.0,117.0
-177.0,117.0,-141.0,115.0
-141.0,115.0,-84.0,115.0
-84.0,115.0,-9.0,115.0
-9.0,115.0,78.0,115.0
78.0,115.0,172.0,115.0
172.0,115.0,267.0,115.0
267.0,115.0,353.0,115.0
353.0,115.0,431.0,115.0
431.0,115.0,499.0,115.0
499.0,115.0,553.0,115.0
553.0,115.0,594.0,115.0
594.0,115.0,618.0,115.0
618.0,115.0,629.0,115.0
629.0,115.0,633.0,115.0
633.0,115.0,634.0,115.0
634.0,115.0,631.0,115.0
631.0,115.0,617.0,114.0
617.0,114.0,582.0,113.0
582.0,113.0,520.0,113.0
520.0,113.0,433.0,110.0
433.0,110.0,333.0,108.0
333.0,108.0,231.0,106.0
231.0,106.0,133.0,104.0
133.0,104.0,52.0,97.0
52.0,97.0,-9.0,93.0
-9.0,93.0,-42.0,92.0
-42.0,92.0,-55.0,91.0
-55.0,91.0,-60.0,91.0
-60.0,91.0,-61.0,91.0
-61.0,91.0,-59.0,90.0
-59.0,90.0,-50.0,88.0
-50.0,88.0,-27.0,85.0
-27.0,85.0,9.0,83.0
9.0,83.0,33.0,83.0
33.0,83.0,47.0,83.0
47.0,83.0,51.0,83.0
51.0,83.0,58.0,82.0
58.0,82.0,71.0,81.0
71.0,81.0,89.0,80.0
89.0,80.0,111.0,80.0
111.0,80.0,121.0,80.0
121.0,80.0,124.0,80.0
124.0,80.0,123.0,80.0
123.0,80.0,114.0,80.0
114.0,80.0,90.0,80.0
90.0,80.0,44.0,80.0
44.0,80.0,-18.0,80.0
-18.0,80.0,-91.0,78.0
-91.0,78.0,-172.0,78.0
-172.0,78.0,-209.0,76.0
-209.0,76.0,-209.0,71.0
-209.0,71.0,-206.0,71.0
-206.0,71.0,-191.0,68.0
-191.0,68.0,-151.0,63.0
-151.0,63.0,-93.0,57.0
-93.0,57.0,-20.0,51.0
-20.0,51.0,65.0,44.0
65.0,44.0,157.0,37.0
157.0,37.0,249.0,33.0
249.0,33.0,336.0,29.0
336.0,29.0,420.0,27.0
420.0,27.0,493.0,27.0
493.0,27.0,555.0,27.0
555.0,27.0,607.0,27.0
607.0,27.0,642.0,27.0
642.0,27.0,661.0,27.0
661.0,27.0,671.0,27.0
671.0,27.0,674.0,27.0
674.0,27.0,671.0,27.0
671.0,27.0,659.0,27.0
659.0,27.0,641.0,27.0
641.0,27.0,611.0,27.0
611.0,27.0,573.0,27.0
573.0,27.0,530.0,27.0
530.0,27.0,481.0,27.0
481.0,27.0,435.0,27.0
435.0,27.0,394.0,27.0
394.0,27.0,362.0,27.0
362.0,27.0,345.0,27.0
345.0,27.0,338.0,27.0
338.0,27.0,336.0,27.0
336.0,27.0,337.0,26.0
337.0,26.0,348.0,25.0
348.0,25.0,369.0,22.0
369.0,22.0,411.0,19.0
411.0,19.0,462.0,17.0
462.0,17.0,517.0,13.0
517.0,13.0,572.0,9.0
572.0,9.0,627.0,5.0
627.0,5.0,679.0,3.0
679.0,3.0,725.0,3.0
725.0,3.0,763.0,3.0
763.0,3.0,787.0,3.0
787.0,3.0,799.0,3.0
799.0,3.0,806.0,3.0
806.0,3.0,808.0,3.0
808.0,3.0,807.0,3.0
807.0,3.0,800.0,3.0
800.0,3.0,784.0,3.0
784.0,3.0,767.0,3.0
767.0,3.0,755.0,3.0
755.0,3.0,750.0,3.0
750.0,3.0,743.0,3.0
743.0,3.0,721.0,3.0
721.0,3.0,675.0,3.0
675.0,3.0,610.0,3.0
610.0,3.0,556.0,3.0
556.0,3.0,531.0,3.0
531.0,3.0,522.0,3.0
522.0,3.0,519.0,3.0
519.0,3.0,525.0,3.0
525.0,3.0,543.0,3.0
543.0,3.0,584.0,3.0
584.0,3.0,644.0,3.0
644.0,3.0,712.0,1.0
712.0,1.0,784.0,1.0
784.0,1.0,860.0,1.0
860.0,1.0,936.0,1.0
936.0,1.0,1009.0,1.0
1009.0,1.0,1073.0,1.0
1073.0,1.0,1130.0,1.0
1130.0,1.0,1174.0,1.0
1174.0,1.0,1201.0,1.0
1201.0,1.0,1214.0,1.0
1214.0,1.0,1221.0,1.0
1221.0,1.0,1220.0,1.0
1220.0,1.0,1209.0,1.0
1209.0,1.0,1179.0,1.0
1179.0,1.0,1128.0,1.0
1128.0,1.0,1063.0,1.0
1063.0,1.0,985.0,1.0
985.0,1.0,896.0,1.0
896.0,1.0,796.0,1.0
796.0,1.0,691.0,1.0
691.0,1.0,585.0,1.0
585.0,1.0,486.0,1.0
486.0,1.0,402.0,1.0
402.0,1.0,340.0,1.0
340.0,1.0,305.0,1.0
305.0,1.0,291.0,1.0
291.0,1.0,287.0,1.0
287.0,1.0,290.0,0.0
303.0,-2.0,332.0,-5.0
332.0,-5.0,378.0,-7.0
378.0,-7.0,433.0,-9.0
433.0,-9.0,492.0,-9.0
492.0,-9.0,552.0,-9.0
552.0,-9.0,611.0,-9.0
611.0,-9.0,665.0,-9.0
665.0,-9.0,709.0,-9.0
709.0,-9.0,741.0,-9.0
741.0,-9.0,758.0,-9.0
758.0,-9.0,766.0,-9.0
766.0,-9.0,768.0,-9.0
768.0,-9.0,762.0,-9.0
762.0,-9.0,745.0,-9.0
745.0,-9.0,710.0,-9.0
710.0,-9.0,661.0,-9.0
661.0,-9.0,602.0,-9.0
602.0,-9.0,540.0,-9.0
540.0,-9.0,472.0,-9.0
472.0,-9.0,402.0,-9.0
402.0,-9.0,334.0,-9.0
334.0,-9.0,275.0,-9.0
275.0,-9.0,229.0,-9.0
229.0,-9.0,199.0,-9.0
199.0,-9.0,188.0,-9.0
188.0,-9.0,184.0,-9.0
184.0,-9.0,183.0,-9.0
183.0,-9.0,185.0,-9.0
185.0,-9.0,193.0,-9.0
193.0,-9.0,213.0,-9.0
213.0,-9.0,249.0,-9.0
249.0,-9.0,292.0,-9.0
292.0,-9.0,346.0,-9.0
346.0,-9.0,406.0,-9.0
406.0,-9.0,468.0,-9.0
468.0,-9.0,530.0,-9.0
530.0,-9.0,587.0,-9.0
587.0,-9.0,638.0,-9.0
638.0,-9.0,676.0,-9.0
676.0,-9.0,696.0,-9.0
696.0,-9.0,705.0,-9.0
705.0,-9.0,708.0,-9.0
708.0,-9.0,703.0,-9.0
703.0,-9.0,686.0,-9.0
686.0,-9.0,647.0,-6.0
647.0,-6.0,593.0,-4.0
593.0,-4.0,525.0,0.0
451.0,5.0,380.0,9.0
380.0,9.0,313.0,11.0
313.0,11.0,253.0,13.0
253.0,13.0,207.0,13.0
207.0,13.0,179.0,13.0
179.0,13.0,169.0,13.0
169.0,13.0,166.0,13.0
166.0,13.0,165.0,13.0
165.0,13.0,167.0,13.0
167.0,13.0,176.0,13.0
176.0,13.0,192.0,13.0
192.0,13.0,220.0,12.0
220.0,12.0,255.0,12.0
255.0,12.0,296.0,12.0
296.0,12.0,339.0,12.0
339.0,12.0,382.0,12.0
382.0,12.0,420.0,12.0
420.0,12.0,448.0,12.0
448.0,12.0,464.0,12.0
464.0,12.0,474.0,12.0
474.0,12.0,477.0,12.0
477.0,12.0,470.0,12.0
470.0,12.0,453.0,12.0
453.0,12.0,420.0,13.0
420.0,13.0,371.0,15.0
371.0,15.0,311.0,17.0
311.0,17.0,238.0,19.0
238.0,19.0,163.0,19.0
163.0,19.0,87.0,19.0
87.0,19.0,17.0,19.0
17.0,19.0,-35.0,19.0
-35.0,19.0,-65.0,19.0
-65.0,19.0,-77.0,19.0
-77.0,19.0,-81.0,19.0
-81.0,19.0,-79.0,19.0
-79.0,19.0,-71.0,19.0
-71.0,19.0,-59.0,19.0
-59.0,19.0,-48.0,19.0
-48.0,19.0,-42.0,18.0
-42.0,18.0,-39.0,18.0
-39.0,18.0,-30.0,18.0
-30.0,18.0,-8.0,18.0
-8.0,18.0,31.0,16.0
31.0,16.0,66.0,16.0
66.0,16.0,91.0,16.0
91.0,16.0,101.0,16.0
101.0,16.0,104.0,16.0
104.0,16.0,105.0,16.0
105.0,16.0,103.0,16.0
103.0,16.0,92.0,16.0
92.0,16.0,67.0,16.0
67.0,16.0,32.0,16.0
32.0,16.0,-11.0,16.0
-11.0,16.0,-57.0,16.0
-57.0,16.0,-98.0,16.0
-98.0,16.0,-133.0,16.0
-133.0,16.0,-155.0,16.0
-155.0,16.0,-166.0,16.0
-166.0,16.0,-171.0,16.0
-171.0,16.0,-172.0,16.0
-172.0,16.0,-166.0,16.0
-166.0,16.0,-153.0,15.0
-153.0,15.0,-132.0,13.0
-132.0,13.0,-99.0,11.0
-99.0,11.0,-60.0,7.0
-60.0,7.0,-18.0,4.0
-18.0,4.0,29.0,0.0
72.0,-2.0,114.0,-4.0
114.0,-4.0,149.0,-4.0
149.0,-4.0,171.0,-4.0
171.0,-4.0,183.0,-4.0
183.0,-4.0,188.0,-4.0
188.0,-4.0,189.0,-4.0
189.0,-4.0,186.0,-4.0
186.0,-4.0,173.0,-4.0
173.0,-4.0,148.0,-1.0
148.0,-1.0,112.0,0.0
71.0,4.0,24.0,8.0
24.0,8.0,-23.0,11.0
-23.0,11.0,-64.0,15.0
-64.0,15.0,-100.0,17.0
-100.0,17.0,-120.0,18.0
-120.0,18.0,-129.0,18.0
-129.0,18.0,-134.0,18.0
-134.0,18.0,-135.0,19.0
-135.0,19.0,-132.0,19.0
-132.0,19.0,-121.0,19.0
-121.0,19.0,-105.0,19.0
-105.0,19.0,-75.0,19.0
-75.0,19.0,-35.0,19.0
-35.0,19.0,9.0,19.0
9.0,19.0,58.0,19.0
58.0,19.0,109.0,19.0
109.0,19.0,158.0,19.0
158.0,19.0,204.0,19.0
204.0,19.0,236.0,19.0
236.0,19.0,250.0,19.0
250.0,19.0,256.0,19.0
256.0,19.0,258.0,19.0
258.0,19.0,257.0,19.0
257.0,19.0,251.0,19.0
251.0,19.0,238.0,19.0
238.0,19.0,216.0,20.0
216.0,20.0,180.0,20.0
180.0,20.0,134.0,20.0
134.0,20.0,80.0,22.0
80.0,22.0,23.0,24.0
23.0,24.0,-32.0,26.0
-32.0,26.0,-75.0,26.0
-75.0,26.0,-97.0,26.0
-97.0,26.0,-107.0,26.0
-107.0,26.0,-110.0,26.0
-110.0,26.0,-108.0,26.0
-108.0,26.0,-100.0,26.0
-100.0,26.0,-89.0,26.0
-89.0,26.0,-81.0,26.0
-81.0,26.0,-77.0,26.0
-77.0,26.0,-76.0,26.0
-76.0,26.0,-73.0,26.0
-73.0,26.0,-59.0,25.0
-59.0,25.0,-35.0,25.0
-35.0,25.0,8.0,25.0
8.0,25.0,52.0,25.0
52.0,25.0,81.0,25.0
81.0,25.0,96.0,25.0
96.0,25.0,104.0,25.0
104.0,25.0,106.0,25.0
106.0,25.0,103.0,25.0
103.0,25.0,91.0,25.0
91.0,25.0,68.0,28.0
68.0,28.0,28.0,28.0
28.0,28.0,-24.0,28.0
-24.0,28.0,-83.0,28.0
-83.0,28.0,-151.0,28.0
-151.0,28.0,-209.0,28.0
-209.0,28.0,-207.0,28.0
-207.0,28.0,-200.0,28.0
-200.0,28.0,-183.0,26.0
-183.0,26.0,-150.0,23.0
-150.0,23.0,-100.0,21.0
-100.0,21.0,-40.0,17.0
-40.0,17.0,25.0,13.0
25.0,13.0,96.0,9.0
96.0,9.0,164.0,5.0
164.0,5.0,224.0,3.0
224.0,3.0,276.0,1.0
276.0,1.0,322.0,1.0
322.0,1.0,357.0,1.0
357.0,1.0,376.0,1.0
376.0,1.0,386.0,1.0
386.0,1.0,390.0,1.0
390.0,1.0,391.0,1.0
391.0,1.0,390.0,1.0
390.0,1.0,382.0,1.0
382.0,1.0,364.0,1.0
364.0,1.0,328.0,1.0
328.0,1.0,282.0,1.0
282.0,1.0,231.0,1.0
231.0,1.0,177.0,1.0
177.0,1.0,125.0,1.0
125.0,1.0,82.0,1.0
82.0,1.0,52.0,1.0
52.0,1.0,37.0,1.0
37.0,1.0,31.0,1.0
31.0,1.0,29.0,1.0
29.0,1.0,32.0,1.0
32.0,1.0,47.0,1.0
47.0,1.0,73.0,0.0
385.0,-3.0,447.0,-5.0
447.0,-5.0,494.0,-6.0
494.0,-6.0,521.0,-8.0
521.0,-8.0,533.0,-8.0
533.0,-8.0,537.0,-8.0
537.0,-8.0,538.0,-8.0
538.0,-8.0,537.0,-8.0
537.0,-8.0,531.0,-8.0
531.0,-8.0,519.0,-8.0
519.0,-8.0,498.0,-7.0
498.0,-7.0,468.0,-7.0
468.0,-7.0,433.0,-7.0
433.0,-7.0,390.0,-7.0
390.0,-7.0,341.0,-7.0
341.0,-7.0,290.0,-7.0
290.0,-7.0,246.0,-7.0
246.0,-7.0,214.0,-7.0
214.0,-7.0,194.0,-7.0
194.0,-7.0,186.0,-7.0
186.0,-7.0,184.0,-7.0
184.0,-7.0,186.0,-7.0
186.0,-7.0,192.0,-7.0
192.0,-7.0,203.0,-7.0
203.0,-7.0,216.0,-7.0
216.0,-7.0,229.0,-8.0
229.0,-8.0,244.0,-8.0
244.0,-8.0,260.0,-8.0
260.0,-8.0,276.0,-8.0
