149.0,264.0,149.0,262.0
149.0,262.0,149.0,257.0
149.0,257.0,149.0,251.0
149.0,251.0,149.0,244.0
149.0,244.0,149.0,236.0
149.0,236.0,149.0,228.0
149.0,228.0,149.0,222.0
149.0,222.0,149.0,214.0
149.0,214.0,149.0,204.0
149.0,204.0,149.0,196.0
149.0,196.0,149.0,188.0
149.0,188.0,148.0,179.0
148.0,179.0,147.0,168.0
147.0,168.0,146.0,158.0
146.0,158.0,146.0,148.0
146.0,148.0,146.0,136.0
146.0,136.0,146.0,125.0
146.0,125.0,146.0,115.0
146.0,115.0,146.0,105.0
146.0,105.0,146.0,96.0
146.0,96.0,146.0,87.0
146.0,87.0,146.0,80.0
146.0,80.0,146.0,74.0
146.0,74.0,146.0,70.0
146.0,70.0,146.0,66.0
146.0,66.0,146.0,62.0
146.0,62.0,146.0,59.0
146.0,59.0,146.0,56.0
146.0,56.0,146.0,53.0
146.0,53.0,146.0,52.0
146.0,52.0,146.0,51.0
146.0,51.0,146.0,52.0
146.0,52.0,146.0,57.0
146.0,57.0,146.0,64.0
146.0,64.0,146.0,71.0
146.0,71.0,146.0,80.0
146.0,80.0,146.0,91.0
146.0,91.0,146.0,101.0
146.0,101.0,146.0,111.0
146.0,111.0,146.0,120.0
146.0,120.0,146.0,131.0
146.0,131.0,146.0,143.0
146.0,143.0,146.0,154.0
146.0,154.0,146.0,166.0
146.0,166.0,146.0,178.0
146.0,178.0,146.0,189.0
146.0,189.0,146.0,200.0
146.0,200.0,147.0,209.0
147.0,209.0,148.0,219.0
148.0,219.0,149.0,227.0
149.0,227.0,150.0,232.0
150.0,232.0,151.0,239.0
151.0,239.0,152.0,246.0
152.0,246.0,152.0,252.0
152.0,252.0,153.0,257.0
153.0,257.0,154.0,261.0
154.0,261.0,155.0,265.0
155.0,265.0,156.0,268.0
156.0,268.0,156.0,269.0
156.0,269.0,157.0,270.0
157.0,270.0,159.0,267.0
159.0,267.0,161.0,261.0
161.0,261.0,163.0,253.0
163.0,253.0,165.0,246.0
165.0,246.0,167.0,237.0
167.0,237.0,169.0,226.0
169.0,226.0,170.0,214.0
170.0,214.0,170.0,203.0
170.0,203.0,170.0,189.0
170.0,189.0,170.0,173.0
170.0,173.0,170.0,157.0
170.0,157.0,170.0,142.0
170.0,142.0,170.0,129.0
170.0,129.0,170.0,117.0
170.0,117.0,170.0,108.0
170.0,108.0,170.0,100.0
170.0,100.0,170.0,94.0
170.0,94.0,170.0,90.0
170.0,90.0,170.0,86.0
170.0,86.0,170.0,83.0
170.0,83.0,170.0,80.0
170.0,80.0,170.0,77.0
170.0,77.0,170.0,75.0
170.0,75.0,170.0,73.0
170.0,73.0,170.0,70.0
170.0,70.0,170.0,68.0
170.0,68.0,170.0,65.0
170.0,65.0,170.0,62.0
170.0,62.0,170.0,58.0
170.0,58.0,170.0,55.0
170.0,55.0,170.0,54.0
170.0,54.0,170.0,53.0
170.0,53.0,170.0,52.0
170.0,52.0,170.0,51.0
170.0,51.0,170.0,54.0
170.0,54.0,170.0,60.0
170.0,60.0,170.0,70.0
170.0,70.0,170.0,79.0
170.0,79.0,170.0,91.0
170.0,91.0,170.0,104.0
170.0,104.0,170.0,116.0
170.0,116.0,170.0,129.0
170.0,129.0,170.0,144.0
170.0,144.0,170.0,158.0
170.0,158.0,170.0,173.0
170.0,173.0,170.0,186.0
170.0,186.0,170.0,198.0
170.0,198.0,170.0,207.0
170.0,207.0,170.0,217.0
170.0,217.0,172.0,226.0
172.0,226.0,172.0,233.0
172.0,233.0,172.0,240.0
172.0,240.0,172.0,247.0
172.0,247.0,172.0,252.0
172.0,252.0,173.0,258.0
173.0,258.0,174.0,263.0
174.0,263.0,176.0,270.0
176.0,270.0,179.0,277.0
179.0,277.0,181.0,284.0
181.0,284.0,183.0,290.0
183.0,290.0,186.0,296.0
186.0,296.0,189.0,302.0
189.0,302.0,191.0,305.0
191.0,305.0,192.0,307.0
192.0,307.0,192.0,309.0
192.0,309.0,193.0,309.0
193.0,309.0,194.0,306.0
194.0,306.0,195.0,301.0
195.0,301.0,195.0,294.0
195.0,294.0,196.0,288.0
196.0,288.0,197.0,281.0
197.0,281.0,198.0,273.0
198.0,273.0,199.0,265.0
199.0,265.0,199.0,257.0
199.0,257.0,199.0,249.0
199.0,249.0,199.0,241.0
199.0,241.0,199.0,232.0
199.0,232.0,199.0,221.0
199.0,221.0,199.0,210.0
199.0,210.0,199.0,198.0
199.0,198.0,199.0,188.0
199.0,188.0,199.0,178.0
199.0,178.0,198.0,169.0
198.0,169.0,197.0,161.0
197.0,161.0,197.0,154.0
197.0,154.0,197.0,149.0
197.0,149.0,196.0,143.0
196.0,143.0,196.0,137.0
196.0,137.0,195.0,132.0
195.0,132.0,194.0,126.0
194.0,126.0,194.0,120.0
194.0,120.0,193.0,113.0
193.0,113.0,192.0,107.0
192.0,107.0,191.0,103.0
191.0,103.0,190.0,98.0
190.0,98.0,190.0,95.0
190.0,95.0,189.0,93.0
189.0,93.0,189.0,91.0
189.0,91.0,189.0,90.0
189.0,90.0,189.0,88.0
189.0,88.0,189.0,85.0
189.0,85.0,189.0,83.0
189.0,83.0,189.0,81.0
189.0,81.0,189.0,80.0
189.0,80.0,189.0,78.0
189.0,78.0,189.0,77.0
189.0,77.0,189.0,76.0
189.0,76.0,189.0,75.0
189.0,75.0,189.0,74.0
189.0,74.0,189.0,72.0
189.0,72.0,189.0,71.0
189.0,71.0,189.0,70.0
189.0,70.0,189.0,68.0
189.0,68.0,189.0,67.0
189.0,67.0,189.0,66.0
189.0,66.0,189.0,65.0
189.0,65.0,189.0,63.0
189.0,63.0,189.0,62.0
189.0,62.0,189.0,59.0
189.0,59.0,189.0,58.0
189.0,58.0,189.0,56.0
189.0,56.0,189.0,53.0
189.0,53.0,189.0,52.0
189.0,52.0,190.0,51.0
190.0,51.0,190.0,49.0
190.0,49.0,190.0,48.0
190.0,48.0,190.0,46.0
190.0,46.0,190.0,45.0
190.0,45.0,190.0,44.0
190.0,44.0,190.0,43.0
190.0,43.0,190.0,42.0
190.0,42.0,190.0,41.0
190.0,41.0,190.0,40.0
190.0,40.0,190.0,39.0
190.0,39.0,189.0,37.0
189.0,37.0,189.0,35.0
189.0,35.0,189.0,34.0
189.0,34.0,189.0,31.0
189.0,31.0,189.0,29.0
189.0,29.0,189.0,28.0
189.0,28.0,189.0,27.0
189.0,27.0,189.0,25.0
189.0,25.0,189.0,24.0
189.0,24.0,189.0,23.0
189.0,23.0,189.0,22.0
189.0,22.0,189.0,21.0
189.0,21.0,189.0,20.0
189.0,20.0,189.0,19.0
189.0,19.0,189.0,18.0
189.0,18.0,189.0,17.0
189.0,17.0,189.0,16.0
189.0,16.0,189.0,15.0
189.0,15.0,189.0,12.0
189.0,12.0,189.0,10.0
189.0,10.0,189.0,9.0
189.0,9.0,189.0,8.0
189.0,8.0,189.0,7.0
189.0,7.0,189.0,5.0
189.0,5.0,190.0,4.0
190.0,4.0,190.0,3.0
190.0,3.0,190.0,2.0
190.0,2.0,191.0,2.0
191.0,2.0,191.0,1.0
191.0,1.0,191.0,0.0
191.0,-1.0,192.0,-2.0
192.0,-2.0,193.0,-3.0
193.0,-3.0,193.0,-4.0
193.0,-4.0,193.0,-5.0
193.0,-5.0,193.0,-6.0
193.0,-6.0,195.0,-6.0
195.0,-6.0,196.0,-2.0
196.0,-2.0,198.0,1.0
198.0,1.0,199.0,4.0
199.0,4.0,199.0,7.0
199.0,7.0,200.0,10.0
200.0,10.0,200.0,14.0
200.0,14.0,201.0,20.0
201.0,20.0,203.0,27.0
203.0,27.0,204.0,34.0
204.0,34.0,205.0,42.0
205.0,42.0,207.0,53.0
207.0,53.0,208.0,61.0
208.0,61.0,209.0,69.0
209.0,69.0,211.0,79.0
211.0,79.0,213.0,87.0
213.0,87.0,214.0,95.0
214.0,95.0,215.0,103.0
215.0,103.0,218.0,112.0
218.0,112.0,220.0,120.0
220.0,120.0,222.0,129.0
222.0,129.0,224.0,138.0
224.0,138.0,226.0,145.0
226.0,145.0,228.0,152.0
228.0,152.0,230.0,158.0
230.0,158.0,231.0,164.0
231.0,164.0,232.0,171.0
232.0,171.0,233.0,178.0
233.0,178.0,234.0,185.0
234.0,185.0,235.0,192.0
235.0,192.0,235.0,199.0
235.0,199.0,236.0,206.0
236.0,206.0,237.0,212.0
237.0,212.0,237.0,218.0
237.0,218.0,237.0,223.0
237.0,223.0,237.0,229.0
237.0,229.0,237.0,234.0
237.0,234.0,237.0,241.0
237.0,241.0,237.0,248.0
237.0,248.0,237.0,254.0
237.0,254.0,237.0,262.0
237.0,262.0,237.0,270.0
237.0,270.0,237.0,278.0
237.0,278.0,238.0,287.0
238.0,287.0,239.0,295.0
239.0,295.0,239.0,303.0
239.0,303.0,240.0,311.0
240.0,311.0,241.0,317.0
241.0,317.0,242.0,321.0
242.0,321.0,242.0,326.0
242.0,326.0,243.0,332.0
243.0,332.0,245.0,339.0
245.0,339.0,246.0,345.0
246.0,345.0,246.0,349.0
246.0,349.0,247.0,352.0
247.0,352.0,248.0,355.0
248.0,355.0,248.0,359.0
248.0,359.0,249.0,362.0
249.0,362.0,249.0,365.0
249.0,365.0,249.0,367.0
249.0,367.0,250.0,370.0
250.0,370.0,251.0,371.0
251.0,371.0,251.0,373.0
251.0,373.0,251.0,375.0
251.0,375.0,251.0,376.0
251.0,376.0,252.0,377.0
252.0,377.0,252.0,378.0
252.0,378.0,253.0,381.0
253.0,381.0,253.0,383.0
253.0,383.0,253.0,384.0
253.0,384.0,254.0,386.0
254.0,386.0,255.0,388.0
255.0,388.0,255.0,390.0
255.0,390.0,256.0,391.0
256.0,391.0,256.0,392.0
256.0,392.0,256.0,394.0
256.0,394.0,257.0,395.0
257.0,395.0,258.0,396.0
258.0,396.0,258.0,398.0
258.0,398.0,260.0,399.0
260.0,399.0,261.0,401.0
261.0,401.0,262.0,402.0
262.0,402.0,263.0,404.0
263.0,404.0,263.0,406.0
263.0,406.0,263.0,407.0
263.0,407.0,264.0,407.0
264.0,407.0,265.0,407.0
265.0,407.0,266.0,407.0
266.0,407.0,267.0,407.0
267.0,407.0,268.0,408.0
268.0,408.0,269.0,408.0
269.0,408.0,270.0,408.0
270.0,408.0,271.0,408.0
271.0,408.0,272.0,408.0
272.0,408.0,274.0,408.0
274.0,408.0,276.0,408.0
276.0,408.0,279.0,407.0
279.0,407.0,281.0,407.0
281.0,407.0,282.0,405.0
282.0,405.0,284.0,405.0
284.0,405.0,285.0,404.0
285.0,404.0,286.0,403.0
286.0,403.0,288.0,401.0
288.0,401.0,289.0,400.0
289.0,400.0,291.0,398.0
291.0,398.0,292.0,396.0
292.0,396.0,294.0,393.0
294.0,393.0,296.0,390.0
296.0,390.0,298.0,388.0
298.0,388.0,300.0,385.0
300.0,385.0,302.0,382.0
302.0,382.0,303.0,378.0
303.0,378.0,305.0,375.0
305.0,375.0,307.0,372.0
307.0,372.0,307.0,367.0
307.0,367.0,308.0,362.0
308.0,362.0,309.0,356.0
309.0,356.0,309.0,349.0
309.0,349.0,309.0,341.0
309.0,341.0,310.0,333.0
310.0,333.0,311.0,325.0
311.0,325.0,311.0,318.0
311.0,318.0,311.0,312.0
311.0,312.0,311.0,305.0
311.0,305.0,312.0,299.0
312.0,299.0,313.0,294.0
313.0,294.0,313.0,288.0
313.0,288.0,314.0,283.0
314.0,283.0,315.0,277.0
315.0,277.0,315.0,272.0
315.0,272.0,315.0,265.0
315.0,265.0,315.0,258.0
315.0,258.0,315.0,253.0
315.0,253.0,315.0,247.0
315.0,247.0,315.0,243.0
315.0,243.0,315.0,239.0
315.0,239.0,315.0,235.0
315.0,235.0,315.0,232.0
315.0,232.0,314.0,227.0
314.0,227.0,314.0,223.0
314.0,223.0,314.0,221.0
314.0,221.0,314.0,218.0
314.0,218.0,314.0,214.0
314.0,214.0,314.0,211.0
314.0,211.0,314.0,207.0
314.0,207.0,314.0,202.0
314.0,202.0,315.0,196.0
315.0,196.0,315.0,191.0
315.0,191.0,315.0,185.0
315.0,185.0,315.0,180.0
315.0,180.0,316.0,173.0
316.0,173.0,317.0,166.0
317.0,166.0,318.0,160.0
318.0,160.0,319.0,155.0
319.0,155.0,319.0,151.0
319.0,151.0,320.0,146.0
320.0,146.0,321.0,141.0
321.0,141.0,322.0,135.0
322.0,135.0,323.0,129.0
323.0,129.0,323.0,123.0
323.0,123.0,323.0,117.0
323.0,117.0,323.0,113.0
323.0,113.0,323.0,108.0
323.0,108.0,323.0,104.0
323.0,104.0,323.0,101.0
323.0,101.0,324.0,98.0
324.0,98.0,324.0,95.0
324.0,95.0,324.0,92.0
324.0,92.0,324.0,90.0
324.0,90.0,325.0,87.0
325.0,87.0,326.0,84.0
326.0,84.0,326.0,81.0
326.0,81.0,327.0,79.0
327.0,79.0,327.0,77.0
327.0,77.0,327.0,74.0
327.0,74.0,327.0,72.0
327.0,72.0,327.0,69.0
327.0,69.0,328.0,67.0
328.0,67.0,329.0,66.0
329.0,66.0,329.0,64.0
329.0,64.0,329.0,61.0
329.0,61.0,330.0,59.0
330.0,59.0,330.0,56.0
330.0,56.0,330.0,51.0
330.0,51.0,331.0,48.0
331.0,48.0,332.0,45.0
332.0,45.0,332.0,42.0
332.0,42.0,332.0,39.0
332.0,39.0,333.0,37.0
333.0,37.0,333.0,35.0
333.0,35.0,333.0,32.0
333.0,32.0,333.0,29.0
333.0,29.0,333.0,26.0
333.0,26.0,334.0,23.0
334.0,23.0,335.0,21.0
335.0,21.0,335.0,18.0
335.0,18.0,335.0,16.0
335.0,16.0,336.0,14.0
336.0,14.0,336.0,12.0
336.0,12.0,336.0,10.0
336.0,10.0,337.0,8.0
337.0,8.0,338.0,7.0
338.0,7.0,338.0,6.0
338.0,6.0,338.0,5.0
338.0,5.0,339.0,5.0
339.0,5.0,341.0,4.0
341.0,4.0,342.0,3.0
342.0,3.0,344.0,2.0
344.0,2.0,344.0,1.0
344.0,1.0,345.0,1.0
345.0,1.0,345.0,0.0
349.0,1.0,351.0,5.0
351.0,5.0,352.0,10.0
352.0,10.0,353.0,15.0
353.0,15.0,355.0,22.0
355.0,22.0,357.0,29.0
357.0,29.0,358.0,35.0
358.0,35.0,358.0,38.0
358.0,38.0,358.0,40.0
358.0,40.0,358.0,41.0
358.0,41.0,359.0,43.0
359.0,43.0,359.0,45.0
359.0,45.0,359.0,48.0
359.0,48.0,360.0,51.0
360.0,51.0,361.0,54.0
361.0,54.0,361.0,56.0
361.0,56.0,362.0,58.0
362.0,58.0,363.0,60.0
363.0,60.0,364.0,62.0
364.0,62.0,366.0,63.0
366.0,63.0,366.0,65.0
366.0,65.0,367.0,66.0
367.0,66.0,368.0,67.0
368.0,67.0,368.0,68.0
